=~=~=~=~=~=~=~=~=~=~=~= PuTTY log 2023.04.13 09:38:21 =~=~=~=~=~=~=~=~=~=~=~=
SX127SX1272 module configuration in Arduino
SX1272 Module on
Frequency channel D90666 has been successfully set.
Output power F has been successfully set.
#Verification of parameters:#
  Node address: 8
  Bandwidth: 0
  Coding rate: 1
  Spreading factor: 12
  Header mode: 0
  CRC field: 1
  BW: 0
SX1272 successfully configured !

 
Module ready for reception ! 
Packet status ; Packet number ; Received data ; RSSI packet (dBm) ; source address

 
Adafruit GPS library basic test!
$PMTK605*31
10607
status ; RSSI ; RSSI packet ; SNR ; source-address ; lat , lng
1 ; -108 ; -94 ; 8 ; 2 ; 0.0000; 0.0000

1 ; -110 ; -97 ; 6 ; 2 ; 0.0000; 0.0000

1 ; -109 ; -98 ; 6 ; 2 ; 0.0000; 0.0000

1 ; -109 ; -97 ; 7 ; 2 ; 0.0000; 0.0000

1 ; -109 ; -93 ; 8 ; 2 ; 1 ; -108 ; -90 ; 8 ; 2 ; 0.0000; 0.0000

1 ; -109 ; -96 ; 6 ; 2 ; 0.0000; 0.0000

1 ; -108 ; -98 ; 7 ; 2 ; 0.0000; 0.0000

1 ; -109 ; -94 ; 9 ; 2 ; 0.0000; 0.0000

1 ; -108 ; -96 ; 7 ; 2 ; 0.0000; 0.0000

1=~=~=~=~=~=~=~=~=~=~=~= PuTTY log 2023.04.13 11:37:03 =~=~=~=~=~=~=~=~=~=~=~=
SX1272 module configuration in Arduino
SX1272 Module on
Frequency channel D90666 has been successfully set.
Output power F has been successfully set.
#Verification of parameters:#
  Node address: 8
  Bandwidth: 0
  Coding rate: 1
  Spreading factor: 12
  Header mode: 0
  CRC field: 1
  BW: 0
SX1272 successfully configured !

 
Module ready for reception ! 
Packet status ; Packet number ; Received data ; RSSI packet (dBm) ; source address

 
Adafruit GPS library basic test!
$PMTK605*31
10607
status ; RSSI ; RSSI packet ; SNR ; source-address ; lat , lng
2 ; -99 ; -99 ; 6 ; 0 ; 0.0000; 0.0000
1 ; -109 ; -93 ; 8 ; 2 ; 0.0000; 0.0000
1 ; -109 ; -93 ; 9 ; 2 ; 0.0000; 0.0000
1 ; -109 ; -90 ; 8 ; 2 ; 0.0000; 0.0000
1 ; -108 ; -91 ; 6 ; 2 ; 0.0000; 0.0000
=~=~=~=~=~=~=~=~=~=~=~= PuTTY log 2023.04.13 11:39:01 =~=~=~=~=~=~=~=~=~=~=~=
1 ;  ; 0.0000; 0.0000
SX1272 module configuration in Arduino
SX1272 Module on
Frequency channel D90666 has been successfully set.
Output power F has been successfully set.
#Verification of parameters:#
  Node address: 8
  Bandwidth: 0
  Coding rate: 1
  Spreading factor: 12
  Header mode: 0
  CRC field: 1
  BW: 0
SX1272 successfully configured !

 
Module ready for reception ! 
Packet status ; Packet number ; Received data ; RSSI packet (dBm) ; source address

 
Adafruit GPS library basic test!
$PMTK605*31
10607
status ; RSSI ; RSSI packet ; SNR ; source-address ; lat , lng
2 ; -106 ; -96 ; 7 ; 0 ; 0.0000; 0.0000
2 ; -107 ; -86 ; 8 ; 0 ; 0.0000; 0.0000
2 ; -107 ; -90 ; 7 ; 0 ; 0.0000; 0.0000
2 ; -106 ; -91 ; 8 ; 0 ; 0.0000; 0.0000
2 ; -106 ; -92 ; 7 ; 0 ; 0.0000; 0.0000
2 ; -107 ; -92 ; 7 ; 0 ; 0.0000; 0.0000
2 ; -106 ; -96 ; 6 ; 0 ; 0.0000; 0.0000
2 ; -106 ; -91 ; 7 ; 0 ; 0.0000; 0.0000
2 ; -107 ; -92 ; 7 ; 0 ; 0.0000; 0.0000
2 ; -106 ; -92 ; 8 ; 0 ; 0.0000; 0.0000
2 ; -106 ; -93 ; 8 ; 0 ; 0.0000; 0.0000
2 ; -106 ; -93 ; 8 ; 0 ; 0.0000; 0.0000
2 ; -107 ; -92 ; 8 ; 0 ; 0.0000; 0.0000
2 ; -106 ; -93 ; 7 ; 0 ; 0.0000; 0.0000
2 ; -106 ; -96 ; 6 ; 0 ; 0.0000; 0.0000
2 ; -107 ; -87 ; 9 ; 0 ; 0.0000; 0.0000
2 ; -107 ; -87 ; 9 ; 0 ; 0.0000; 0.0000
2 ; -107 ; -91 ; 8 ; 0 ; 0.0000; 0.0000
2 ; -106 ; -93 ; 7 ; 0 ; 0.0000; 0.0000
2 ; -105 ; -93 ; 8 ; 0 ; 0.0000; 0.0000
2 ; -106 ; -90 ; 7 ; 0 ; 0.0000; 0.0000
2 ; -107 ; -91 ; 7 ; 0 ; 0.0000; 0.0000
2 ; -106 ; -93 ; 8 ; 0 ; 0.0000; 0.0000
2 ; -106 ; -91 ; 7 ; 0 ; 0.0000; 0.0000
2 ; -106 ; -91 ; 7 ; 0 ; 0.0000; 0.0000
2 ; -106 ; -91 ; 7 ; 0 ; 0.0000; 0.0000
2 ; -106 ; -91 ; 7 ; 0 ; 0.0000; 0.0000
2 ; -61 ; -92 ; 6 ; 0 ; 0.0000; 0.0000
2 ; -109 ; -94 ; 6 ; 0 ; 0.0000; 0.0000
2 ; -110 ; -88 ; 8 ; 0 ; 0.0000; 0.0000
2 ; -108 ; -82 ; 9 ; 0 ; 0.0000; 0.0000
2 ; -108 ; -89 ; 8 ; 0 ; 0.0000; 0.0000
2 ; -110 ; -88 ; 7 ; 0 ; 0.0000; 0.0000
2 ; -110 ; -88 ; 6 ; 0 ; 0.0000; 0.0000
2 ; -108 ; -86 ; 8 ; 0 ; 0.0000; 0.0000
2 ; -110 ; -86 ; 7 ; 0 ; 0.0000; 0.0000
2 ; -110 ; -82 ; 7 ; 0 ; 0.0000; 0.0000
2 ; -110 ; -89 ; 7 ; 0 ; 0.0000; 0.0000
2 ; -110 ; -91 ; 6 ; 0 ; 0.0000; 0.0000
2 ; -112 ; -90 ; 8 ; 0 ; 0.0000; 0.0000
2 ; -110 ; -78 ; 7 ; 0 ; 0.0000; 0.0000
2 ; -111 ; -70 ; 7 ; 0 ; 43.5705; 1.4665
2 ; -111 ; -76 ; 7 ; 0 ; 43.5705; 1.4665
2 ; -114 ; -71 ; 6 ; 0 ; 43.5705; 1.4665
2 ; -110 ; -78 ; 7 ; 0 ; 43.5704; 1.4664
2 ; -110 ; -72 ; 5 ; 0 ; 43.5703; 1.4665
2 ; -110 ; -77 ; 7 ; 0 ; 43.5703; 1.4665
2 ; -112 ; -72 ; 9 ; 0 ; 43.5704; 1.4665
2 ; -110 ; -67 ; 8 ; 0 ; 43.5704; 1.4664
2 ; -109 ; -75 ; 7 ; 0 ; 43.5704; 1.4664
2 ; -108 ; -84 ; 8 ; 0 ; 43.5704; 1.4664
2 ; -110 ; -84 ; 8 ; 0 ; 43.5704; 1.4664
2 ; -112 ; -79 ; 6 ; 0 ; 43.5704; 1.4664
2 ; -111 ; -79 ; 7 ; 0 ; 43.5704; 1.4664
2 ; -111 ; -77 ; 8 ; 0 ; 43.5704; 1.4664
2 ; -110 ; -77 ; 7 ; 0 ; 43.5704; 1.4664
2 ; -111 ; -81 ; 8 ; 0 ; 43.5705; 1.4664
2 ; -110 ; -80 ; 8 ; 0 ; 43.5705; 1.4664
2 ; -111 ; -82 ; 9 ; 0 ; 43.5705; 1.4664
2 ; -112 ; -80 ; 7 ; 0 ; 43.5705; 1.4664
2 ; -113 ; -85 ; 6 ; 0 ; 43.5705; 1.4664
2 ; -112 ; -77 ; 9 ; 0 ; 43.5705; 1.4664
2 ; -112 ; -75 ; 7 ; 0 ; 43.5705; 1.4665
2 ; -113 ; -82 ; 7 ; 0 ; 43.5706; 1.4667
2 ; -112 ; -83 ; 7 ; 0 ; 43.5707; 1.4668
2 ; -111 ; -81 ; 8 ; 0 ; 43.5707; 1.4669
2 ; -110 ; -86 ; 5 ; 0 ; 43.5708; 1.4670
2 ; -109 ; -87 ; 8 ; 0 ; 43.5708; 1.4671
2 ; -112 ; -78 ; 7 ; 0 ; 43.5707; 1.4672
2 ; -111 ; -76 ; 7 ; 0 ; 43.5707; 1.4672
2 ; -111 ; -78 ; 8 ; 0 ; 43.5707; 1.4672
2 ; -110 ; -86 ; 7 ; 0 ; 43.5706; 1.4673
2 ; -111 ; -89 ; 7 ; 0 ; 43.5705; 1.4674
2 ; -112 ; -89 ; 8 ; 0 ; 43.5704; 1.4675
2 ; -113 ; -95 ; 5 ; 0 ; 43.5702; 1.4677
2 ; -112 ; -94 ; 7 ; 0 ; 43.5701; 1.4678
2 ; -111 ; -99 ; 7 ; 0 ; 43.5700; 1.4677
2 ; -112 ; -99 ; 7 ; 0 ; 1 ; -112 ; -101 ; 6 ; 2 ; 2 ; -112 ; -101 ; 6 ; 0 ; 43.5698; 1.4674
2 ; -112 ; -100 ; 5 ; 0 ; 1 ; -111 ; -97 ; 5 ; 2 ; 2 ; -110 ; -97 ; 5 ; 0 ; 1 ; -111 ; -96 ; 6 ; 2 ; 43.5695; 1.4669
1 ; -110 ; -93 ; 8 ; 2 ; 43.5694; 1.4667
1 ; -111 ; -100 ; 5 ; 2 ; 43.5693; 1.4665
1 ; -112 ; -96 ; 6 ; 2 ; 43.5692; 1.4663
1 ; -110 ; -96 ; 6 ; 2 ; 43.5691; 1.4661
1 ; -108 ; -97 ; 6 ; 2 ; 43.5691; 1.4660
1 ; -110 ; -99 ; 6 ; 2 ; 43.5692; 1.4657
1 ; -108 ; -101 ; 4 ; 2 ; 43.5690; 1.4656
1 ; -111 ; -96 ; 6 ; 2 ; 43.5688; 1.4658
1 ; -111 ; -91 ; 7 ; 2 ; 43.5686; 1.4660
1 ; -112 ; -107 ; 3 ; 2 ; 43.5684; 1.4663
1 ; -111 ; -118 ; -1 ; 2 ; 43.5682; 1.4665
1 ; -110 ; -119 ; -2 ; 2 ; 43.5679; 1.4668
1 ; -106 ; -109 ; 0 ; 2 ; 43.5677; 1.4670
1 ; -111 ; -122 ; -5 ; 2 ; 43.5674; 1.4673
1 ; -112 ; -125 ; -8 ; 2 ; 43.5671; 1.4674
1 ; -109 ; -128 ; -11 ; 2 ; 43.5669; 1.4677
1 ; -108 ; -123 ; -6 ; 2 ; 43.5669; 1.4679
1 ; -107 ; -126 ; -9 ; 2 ; 43.5672; 1.4677
1 ; -109 ; -127 ; -10 ; 2 ; 43.5672; 1.4674
1 ; -110 ; -126 ; -9 ; 2 ; 43.5670; 1.4676
1 ; -110 ; -128 ; -11 ; 2 ; 43.5668; 1.4679
1 ; -110 ; -123 ; -6 ; 2 ; 43.5665; 1.4682
1 ; -111 ; -130 ; -13 ; 2 ; 43.5663; 1.4684
1 ; -111 ; -129 ; -12 ; 2 ; 43.5662; 1.4685
1 ; -111 ; -130 ; -13 ; 2 ; 43.5662; 1.4685
1 ; -110 ; -130 ; -13 ; 2 ; 43.5662; 1.4685
1 ; -110 ; -125 ; -8 ; 2 ; 43.5660; 1.4687
1 ; -110 ; -124 ; -7 ; 2 ; 43.5658; 1.4689
1 ; -110 ; -123 ; -6 ; 2 ; 43.5656; 1.4691
1 ; -110 ; -125 ; -8 ; 2 ; 43.5655; 1.4692
1 ; -110 ; -124 ; -7 ; 2 ; 43.5655; 1.4692
1 ; -110 ; -125 ; -8 ; 2 ; 43.5654; 1.4693
1 ; -108 ; -129 ; -12 ; 2 ; 43.5653; 1.4694
1 ; -110 ; -128 ; -11 ; 2 ; 43.5651; 1.4694
1 ; -100 ; -127 ; -10 ; 2 ; 43.5650; 1.4694
1 ; -104 ; -125 ; -8 ; 2 ; 43.5650; 1.4694
1 ; -109 ; -127 ; -10 ; 2 ; 43.5650; 1.4694
2 ; -110 ; -127 ; -10 ; 0 ; 43.5650; 1.4694
2 ; -109 ; -127 ; -10 ; 0 ; 43.5648; 1.4697
2 ; -108 ; -128 ; -11 ; 0 ; 1 ; -110 ; -130 ; -13 ; 2 ; 43.5651; 1.4702
1 ; -108 ; -130 ; -13 ; 2 ; 43.5652; 1.4707
1 ; -111 ; -128 ; -11 ; 2 ; 43.5654; 1.4712
1 ; -109 ; -130 ; -13 ; 2 ; 43.5653; 1.4718
2 ; -108 ; -134 ; -17 ; 0 ; 43.5653; 1.4724
2 ; -109 ; -139 ; -22 ; 0 ; 43.5652; 1.4730
2 ; -109 ; -139 ; -22 ; 0 ; 43.5649; 1.4736
2 ; -107 ; -139 ; -22 ; 0 ; 43.5645; 1.4740
2 ; -108 ; -139 ; -22 ; 0 ; 43.5641; 1.4743
2 ; -109 ; -139 ; -22 ; 0 ; 43.5637; 1.4747
2 ; -111 ; -139 ; -22 ; 0 ; 43.5634; 1.4750
2 ; -112 ; -139 ; -22 ; 0 ; 43.5630; 1.4752
2 ; -111 ; -139 ; -22 ; 0 ; 43.5629; 1.4756
2 ; -111 ; -139 ; -22 ; 0 ; 43.5633; 1.4759
2 ; -111 ; -139 ; -22 ; 0 ; 43.5635; 1.4763
2 ; -110 ; -139 ; -22 ; 0 ; 43.5638; 1.4768
2 ; -110 ; -139 ; -22 ; 0 ; 43.5641; 1.4774
2 ; -111 ; -139 ; -22 ; 0 ; 43.5643; 1.4779
2 ; -110 ; -139 ; -22 ; 0 ; 43.5646; 1.4784
2 ; -111 ; -139 ; -22 ; 0 ; 43.5647; 1.4789
2 ; -111 ; -139 ; -22 ; 0 ; 43.5651; 1.4789
2 ; -109 ; -139 ; -22 ; 0 ; 43.5652; 1.4785
2 ; -110 ; -139 ; -22 ; 0 ; 43.5655; 1.4781
2 ; -109 ; -139 ; -22 ; 0 ; 43.5658; 1.4775
2 ; -109 ; -136 ; -19 ; 0 ; 43.5660; 1.4769
2 ; -106 ; -138 ; -21 ; 0 ; 43.5662; 1.4764
2 ; -108 ; -138 ; -21 ; 0 ; 43.5665; 1.4757
1 ; -109 ; -134 ; -17 ; 2 ; 43.5667; 1.4752
2 ; -109 ; -134 ; -17 ; 0 ; 43.5669; 1.4748
2 ; -108 ; -134 ; -17 ; 0 ; 43.5666; 1.4748
2 ; -107 ; -134 ; -17 ; 0 ; 43.5667; 1.4751
2 ; -110 ; -138 ; -21 ; 0 ; 43.5669; 1.4748
2 ; -109 ; -138 ; -21 ; 0 ; 43.5671; 1.4742
1 ; -111 ; -129 ; -12 ; 2 ; 2 ; -108 ; -129 ; -12 ; 0 ; 1 ; -109 ; -127 ; -10 ; 2 ; 2 ; -109 ; -127 ; -10 ; 0 ; 43.5680; 1.4729
2 ; -110 ; -123 ; -6 ; 0 ; 43.5685; 1.4727
2 ; -110 ; -120 ; -3 ; 0 ; 1 ; -110 ; -124 ; -7 ; 2 ; 43.5693; 1.4729
1 ; -110 ; -121 ; -4 ; 2 ; 43.5698; 1.4734
1 ; -109 ; -125 ; -8 ; 2 ; 2 ; -111 ; -125 ; -8 ; 0 ; 43.5705; 1.4740
2 ; -110 ; -129 ; -12 ; 0 ; 43.5708; 1.4744
2 ; -111 ; -131 ; -14 ; 0 ; 43.5709; 1.4745
2 ; -110 ; -130 ; -13 ; 0 ; 43.5709; 1.4745
2 ; -110 ; -131 ; -14 ; 0 ; 43.5709; 1.4746
2 ; -107 ; -127 ; -10 ; 0 ; 43.5711; 1.4748
2 ; -110 ; -124 ; -7 ; 0 ; 43.5713; 1.4745
2 ; -109 ; -132 ; -15 ; 0 ; 43.5710; 1.4744
2 ; -112 ; -128 ; -11 ; 0 ; 43.5707; 1.4741
2 ; -109 ; -123 ; -6 ; 0 ; 43.5704; 1.4738
2 ; -110 ; -122 ; -5 ; 0 ; 43.5700; 1.4734
2 ; -109 ; -121 ; -4 ; 0 ; 43.5696; 1.4731
2 ; -109 ; -120 ; -3 ; 0 ; 43.5692; 1.4728
2 ; -110 ; -123 ; -6 ; 0 ; 43.5688; 1.4727
2 ; -109 ; -123 ; -6 ; 0 ; 43.5683; 1.4728
2 ; -109 ; -126 ; -9 ; 0 ; 43.5678; 1.4730
2 ; -109 ; -130 ; -13 ; 0 ; 43.5674; 1.4734
2 ; -109 ; -131 ; -14 ; 0 ; 43.5671; 1.4739
2 ; -108 ; -137 ; -20 ; 0 ; 43.5669; 1.4745
2 ; -109 ; -137 ; -20 ; 0 ; 43.5666; 1.4749
1 ; -110 ; -131 ; -14 ; 2 ; 43.5667; 1.4751
1 ; -111 ; -130 ; -13 ; 2 ; 43.5668; 1.4748
2 ; -106 ; -130 ; -13 ; 0 ; 43.5666; 1.4749
2 ; -106 ; -130 ; -13 ; 0 ; 43.5664; 1.4755
2 ; -110 ; -130 ; -13 ; 0 ; 43.5662; 1.4762
2 ; -111 ; -138 ; -21 ; 0 ; 43.5659; 1.4767
2 ; -109 ; -138 ; -21 ; 0 ; 43.5657; 1.4774
2 ; -111 ; -138 ; -21 ; 0 ; 43.5654; 1.4780
2 ; -109 ; -138 ; -21 ; 0 ; 43.5651; 1.4784
2 ; -108 ; -138 ; -21 ; 0 ; 43.5648; 1.4784
2 ; -111 ; -138 ; -21 ; 0 ; 43.5645; 1.4779
2 ; -111 ; -138 ; -21 ; 0 ; 43.5642; 1.4773
2 ; -110 ; -138 ; -21 ; 0 ; 43.5638; 1.4767
2 ; -109 ; -138 ; -21 ; 0 ; 43.5636; 1.4761
2 ; -108 ; -138 ; -21 ; 0 ; 43.5634; 1.4756
2 ; -110 ; -138 ; -21 ; 0 ; 43.5635; 1.4751
2 ; -112 ; -138 ; -21 ; 0 ; 43.5638; 1.4748
2 ; -111 ; -133 ; -16 ; 0 ; 1 ; -110 ; -134 ; -17 ; 2 ; 43.5643; 1.4743
2 ; -111 ; -134 ; -17 ; 0 ; 43.5647; 1.4739
2 ; -111 ; -134 ; -17 ; 0 ; 43.5651; 1.4734
2 ; -111 ; -135 ; -18 ; 0 ; 43.5655; 1.4728
2 ; -110 ; -131 ; -14 ; 0 ; 43.5655; 1.4721
2 ; -110 ; -128 ; -11 ; 0 ; 43.5655; 1.4714
2 ; -110 ; -126 ; -9 ; 0 ; 43.5655; 1.4708
2 ; -111 ; -127 ; -10 ; 0 ; 43.5653; 1.4702
2 ; -110 ; -130 ; -13 ; 0 ; 43.5652; 1.4698
2 ; -109 ; -120 ; -3 ; 0 ; 43.5653; 1.4695
2 ; -112 ; -126 ; -9 ; 0 ; 43.5655; 1.4692
2 ; -110 ; -124 ; -7 ; 0 ; 43.5658; 1.4689
2 ; -111 ; -127 ; -10 ; 0 ; 43.5661; 1.4687
2 ; -110 ; -128 ; -11 ; 0 ; 43.5663; 1.4685
2 ; -111 ; -125 ; -8 ; 0 ; 43.5664; 1.4687
2 ; -110 ; -128 ; -11 ; 0 ; 43.5665; 1.4689
2 ; -111 ; -128 ; -11 ; 0 ; 43.5666; 1.4692
2 ; -109 ; -127 ; -10 ; 0 ; 43.5667; 1.4693
2 ; -110 ; -129 ; -12 ; 0 ; 43.5667; 1.4692
2 ; -110 ; -126 ; -9 ; 0 ; 43.5666; 1.4690
2 ; -109 ; -124 ; -7 ; 0 ; 43.5665; 1.4688
2 ; -110 ; -128 ; -11 ; 0 ; 43.5664; 1.4686
2 ; -108 ; -126 ; -9 ; 0 ; 43.5665; 1.4684
2 ; -111 ; -127 ; -10 ; 0 ; 43.5667; 1.4681
2 ; -109 ; -127 ; -10 ; 0 ; 43.5670; 1.4679
2 ; -109 ; -125 ; -8 ; 0 ; 43.5672; 1.4679
2 ; -108 ; -124 ; -7 ; 0 ; 43.5673; 1.4681
2 ; -110 ; -126 ; -9 ; 0 ; 43.5674; 1.4683
2 ; -110 ; -125 ; -8 ; 0 ; 43.5676; 1.4686
2 ; -110 ; -127 ; -10 ; 0 ; 43.5677; 1.4689
2 ; -110 ; -127 ; -10 ; 0 ; 43.5678; 1.4691
2 ; -108 ; -124 ; -7 ; 0 ; 43.5678; 1.4694
2 ; -110 ; -122 ; -5 ; 0 ; 43.5679; 1.4694
2 ; -106 ; -125 ; -8 ; 0 ; 43.5680; 1.4693
2 ; -107 ; -134 ; -17 ; 0 ; 43.5678; 1.4690
2 ; -109 ; -127 ; -10 ; 0 ; 43.5677; 1.4687
2 ; -109 ; -122 ; -5 ; 0 ; 43.5675; 1.4685
2 ; -106 ; -126 ; -9 ; 0 ; 43.5673; 1.4681
2 ; -106 ; -132 ; -15 ; 0 ; 43.5672; 1.4679
2 ; -107 ; -133 ; -16 ; 0 ; 1 ; -104 ; -122 ; -5 ; 2 ; 43.5675; 1.4674
1 ; -108 ; -118 ; -1 ; 2 ; 2 ; -109 ; -118 ; -1 ; 0 ; 43.5678; 1.4669
2 ; -105 ; -109 ; 1 ; 0 ; 1 ; -109 ; -107 ; 1 ; 2 ; 43.5682; 1.4666
1 ; -109 ; -105 ; 3 ; 2 ; 43.5684; 1.4664
1 ; -109 ; -102 ; 5 ; 2 ; 43.5684; 1.4664
1 ; -109 ; -99 ; 5 ; 2 ; 43.5685; 1.4663
1 ; -109 ; -99 ; 5 ; 2 ; 43.5687; 1.4661
1 ; -111 ; -100 ; 5 ; 2 ; 43.5690; 1.4661
1 ; -111 ; -100 ; 5 ; 2 ; 43.5691; 1.4663
1 ; -112 ; -95 ; 7 ; 2 ; 43.5693; 1.4666
1 ; -111 ; -97 ; 7 ; 2 ; 43.5695; 1.4669
1 ; -112 ; -103 ; 4 ; 2 ; 43.5696; 1.4671
1 ; -109 ; -103 ; 4 ; 2 ; 43.5697; 1.4674
1 ; -109 ; -104 ; 4 ; 2 ; 43.5698; 1.4676
1 ; -106 ; -97 ; 6 ; 2 ; 43.5698; 1.4676
1 ; -111 ; -98 ; 6 ; 2 ; 43.5699; 1.4678
1 ; -108 ; -96 ; 5 ; 2 ; 43.5701; 1.4678
1 ; -108 ; -93 ; 6 ; 2 ; 43.5703; 1.4676
1 ; -106 ; -87 ; 6 ; 2 ; 43.5704; 1.4675
1 ; -109 ; -86 ; 7 ; 2 ; 43.5705; 1.4673
1 ; -109 ; -84 ; 7 ; 2 ; 43.5707; 1.4671
1 ; -109 ; -81 ; 8 ; 2 ; 43.5708; 1.4670
1 ; -110 ; -84 ; 6 ; 2 ; 43.5708; 1.4668
1 ; -110 ; -82 ; 7 ; 2 ; 43.5707; 1.4667
1 ; -110 ; -71 ; 8 ; 2 ; 43.5706; 1.4665
1 ; -109 ; -79 ; 8 ; 2 ; 43.5705; 1.4664
1 ; -110 ; -76 ; 8 ; 2 ; 43.5705; 1.4663
1 ; -110 ; -82 ; 8 ; 2 ; 43.5705; 1.4663
1 ; -110 ; -78 ; 8 ; 2 ; 43.5705; 1.4663
1 ; -112 ; -80 ; 8 ; 2 ; 43.5705; 1.4663
1 ; -113 ; -82 ; 8 ; 2 ; 43.5705; 1.4663
1 ; -114 ; -74 ; 8 ; 2 ; 43.5705; 1.4663
1 ; -106 ; -76 ; 7 ; 2 ; 43.5705; 1.4663
1 ; -106 ; -78 ; 9 ; 2 ; 43.5705; 1.4663
1 ; -107 ; -78 ; 6 ; 2 ; 43.5705; 1.4663
1 ; -110 ; -78 ; 7 ; 2 ; 43.5705; 1.4663
1 ; -109 ; -78 ; 7 ; 2 ; 43.5705; 1.4663
1 ; -107 ; -81 ; 9 ; 2 ; 43.5705; 1.4663
1 ; -110 ; -80 ; 7 ; 2 ; 43.5705; 1.4663
1 ; -111 ; -77 ; 7 ; 2 ; 43.5705; 1.4663
1 ; -110 ; -79 ; 6 ; 2 ; 43.5705; 1.4663
1 ; -89 ; -77 ; 6 ; 2 ; 2 ; -107 ; -77 ; 6 ; 0 ; 43.5705; 1.4663
2 ; -112 ; -68 ; 5 ; 0 ; 43.5705; 1.4663
2 ; -110 ; -75 ; 7 ; 0 ; 1 ; -112 ; -74 ; 6 ; 2 ; 2 ; -87 ; -74 ; 6 ; 0 ; 43.5705; 1.4663
2 ; -109 ; -74 ; 8 ; 0 ; 43.5705; 1.4663
2 ; -111 ; -77 ; 5 ; 0 ; 43.5705; 1.4663
2 ; -109 ; -76 ; 7 ; 0 ; 43.5705; 1.4663
2 ; -111 ; -79 ; 7 ; 0 ; 43.5705; 1.4663
2 ; -108 ; -84 ; 6 ; 0 ; 43.5706; 1.4663
2 ; -110 ; -74 ; 7 ; 0 ; 43.5706; 1.4663
2 ; -110 ; -76 ; 6 ; 0 ; 43.5707; 1.4662
2 ; -110 ; -84 ; 6 ; 0 ; 43.5707; 1.4663
2 ; -111 ; -86 ; 8 ; 0 ; 43.5707; 1.4663
2 ; -110 ; -92 ; 6 ; 0 ; 43.5707; 1.4663
2 ; -111 ; -87 ; 7 ; 0 ; 43.5707; 1.4664
2 ; -109 ; -80 ; 6 ; 0 ; 43.5707; 1.4664
2 ; -110 ; -86 ; 8 ; 0 ; 43.5707; 1.4665
2 ; -109 ; -92 ; 8 ; 0 ; 43.5707; 1.4665
2 ; -109 ; -88 ; 9 ; 0 ; 43.5707; 1.4665
2 ; -109 ; -90 ; 8 ; 0 ; 43.5707; 1.4666
2 ; -105 ; -93 ; 7 ; 0 ; 43.5709; 1.4666
2 ; -103 ; -99 ; 4 ; 0 ; 43.5710; 1.4666
2 ; -103 ; -92 ; 6 ; 0 ; 43.5711; 1.4667
2 ; -102 ; -87 ; 8 ; 0 ; 43.5711; 1.4667
2 ; -103 ; -89 ; 6 ; 0 ; 43.5711; 1.4667
2 ; -104 ; -96 ; 6 ; 0 ; 43.5711; 1.4667
2 ; -102 ; -86 ; 8 ; 0 ; 43.5711; 1.4667
2 ; -104 ; -87 ; 8 ; 0 ; 43.5711; 1.4667
2 ; -103 ; -87 ; 8 ; 0 ; 43.5711; 1.4667
2 ; -104 ; -85 ; 8 ; 0 ; 43.5711; 1.4667
2 ; -103 ; -87 ; 8 ; 0 ; 43.5711; 1.4667
